1310591065335
1312555163930
1312822829534
1313851900063
1313860557082
1313941685154
1316101115870
1314333995647
1314362207982
1314388075032
1314438449923
1314507111050
1314560623534
1314578771213
1314634912593
1314640478641
1314691121898
1314760967928
1314866988700
1314945824782
1315060961019
1315072108968
1315075309453
1315076192127
1315149340046
1315204016360
1315225753803
1315375742748
1315403438143
1315404066926
1315404393887
1315404489772
1315404592902
1315407676886
1315438426173
1315485595131
1315486420093
1315494707391
1315623376043
1315647407500
1315649016015
1315688639466
1315760946491
1315914661656
1315920345296
1315927984728
1315928296659
1315928441889
1315982194338
1315986527703
1315993035126
1316000493710
1316021735121
1316029032728
1316030541562
1316032217523
1316032458364
1316033568741
1316052037087
1316075668500
1316076015890
1316139226910
1316140272559
1316144683996
1316169315058
1316169610563
1316169750414
1316170094408
1316177525804
1316178314517
1316181580107
1316187378530
1316191542513
1316208486453
1316237775167
1316260494573
1316262896607
1316263916765
1316263966268
1316296721935
1316297979168
1316298346147
1316354122062
1316360051259
1316360448953
1316360470652
1316362515113
1316432972250
1316446223649
1316453854031
1316494508150
1316501309913
1316501604471
1316526389042
1316533762478
1316534262170
1316566136434
1316600580647
1316674650138
1316717909983
1316739126962
1316764071531
1316781792450
1316802425953
1316804186133
1316810160745
1316842897975
1316845648078
1316851913096
1316852935306
1316876794720
1316878857360
1316903145219
1316910548706
1316911324534
1316927556593
1316979175387
1316994819771
1317002328068
1317016845885
1317017636090
1317017932427
1317018270025
1317018700039
1317070763095
1317072064826
1317098304193
1317126502860
1317133549572
1317136049088
1317137961070
1317142212966
1317144166281
1317147941991
1317148285071
1317157329701
1317172851417
1317187850059
1317192536184
1317201971737
1317211060414
1317211280444
1317212784139
1317222840354
1317237055058
1317250344881
1317258045768
1317260211328
1317262485515
1317267452859
1317319177562
1317321420290
1317322711266
1317330903456
1317337058437
1317339074809
1317401959943
1317402982812
1317404401546
1317405434328
1317408458052
1317482098601
1317489196234
1317493156734
1317514395439
1317615668718
1317616383031
1317620944609
1317576333925
1317638059133
1317653347625
1317656136507
1317658584573
1317668552136
1317675411254
1317683504793
1317687831248
1317688494428
1317688722461
1317691948707
1317724916757
1317727999020
1317734787472
1317758363659
1317758934109
1317773180104
1317776850270
1317855756156
1317859138656
1317934608095
1317953281982
1317982751218
1317983017453
1317999375479
1318014430187
1318015287265
1318088930156
1318090912562
1318087746651
1318088419028
1318098157203
1318106565800
1318113125981
1318142655584
1318155099600
1318164070213
1318188603391
1318214098046
1318214883625
1318284879327
1318287844136
1318289269622
1318310556954
1318312891253
1318335075788
1318340078129
1318353205870
1318353658988
1318358880926
1318454213585
1318370530749
1318374405953
1318400664719
1318408227283
1318412662093
1318418785437
1318433056981
1318443587536
1318454150909
1318459190032
1318489889576
1318506795867
1318526163929
1318529065421
1318544266748
1318600166680
1318601783632
1318607556592
1318611957828
1318624396398
1318630238793
1318661690406
1318669339966
1318678041157
1318682383062
1318687863632
1318689201742
1318705515129
1318784136012
1318786265464
1318790503225
1318794057061
1318810397634
1318826271522
1318829702717
1318879213484
1318892250093
1318905282565
1318920103541
1318963817412
1318965073203
1319000585051
1319007786373
1319048557776
1319058887330
1319075523365
1319092832153
1319114377955
1319122505874
1319122822281
1319122927750
1319123057906
1319125643703
1319126629000
1319126626734
1319126672765
1319135573044
1319142158662
1319146520263
1319149038881
1319150286163
1319206267231
1319227135078
1319240587281
1319260971828
1319339025164
1319340209003
1319340682082
1319352763943
1319350660674
1319371257128
1319385182670
1319402266638
1319433493656
1319488194041
1319512768075
1319528987061
1319591264189
1319592663088
1319613015000
1319634744840
1319635109944
1319635183384
1319643759202
1319654714265
1319705062529
1319708576981
1319710206295
1319710718123
1319711607676
1319724903416
1319734242355
1319746603232
1319794749477
1319796516102
1319797306409
1319797948152
1319797882100
1319800186615
1319804228019
1319808477396
1319821778530
1319890666759
1319892315973
1319893864067
1319909700828
1319986196526
1320001600378
1320018538768
1320021782541
1320070012445
1320071604596
1320082353110
1320095662108
1320115961660
1320133101181
1320142495140
1320190564594
1320190915340
1320192081320
1320221170332
1320263369213
1320296707330
1320402719652
1320428373206
1320428771817
1320448862276
1320491804414
1320508781687
1320516190109
1320516842659
1320529624525
1320544911484
1320574688046
1320601867725
1320613120816
1320622469013
1320631091809
1320654403609
1320657109041
1320665368841
1320676569812
1320685148625
1320691030685
1320691483884
1320692843303
1320697056894
1320700063113
1320707243573
1320723804075
1320729329625
1320751147447
1320756842739
1320761528851
1320770501169
1320776862373
1320779838679
1320783191639
1320800603750
1320813494232
1320816244837
1320823907505
1320830148546
1320836118929
1320850196796
1320861589453
1320927808801
1320928004406
1320953328852
1320956925456
1320957691839
1320970971632
1320979101389
1320986727104
1320987148637
1320999391984
1321022934496
1321025299898
1321027054433
1321031802912
1321036859317
1321038296107
1321044534637
1321050341052
1321055406924
1321056110449
1321052830346
1321066483800
1321069920068
1321091047463
1321114656687
1321117266078
1321136575597
1321150163737
1321153097635
1321153356474
1321157308062
1321157687046
1321172100410
1321173920354
1321189594328
1321186592997
1321198166235
1321205740037
1321207137828
1321208369511
1321222256250
1321237390595
1321238474908
1321239393853
1321241793725
1321280139782
1321284788957
1321293802521
1321298725714
1321302860199
1321303557337
1321309999568
1321312062066
1321313711873
1321328205265
1321328608783
1321350127640
1321368287593
1321380549346
1321420520967
1321424196427
1321456929953
1321492058515
1321499615464
1321562435249
1321577451928
1321587794721
1321596591921
1321644312179
1321644736575
1321645352186
1321665053929
1321666068757
1321675623688
1321680337737
1321717938053
1321718052971
1321718217350
1321723228957
1321733769178
1321742511801
1321745820558
1321751811686
1321783211086
1321806965011
1321848628290
1321905727808
1321909119646
1321913686327
1321943241648
1321946445794
1321980553130
1322023622328
1322029267985
1322050869491
1322079534764
1322081805875
1322085799408
1322091835477
1322095951343
1322148867534
1322158687841
1322212309246
1322214567744
1322231749595
1322249926675
1322254621180
1322259595311
1322261819203
1322274176731
1322277202680
1322278649059
1322308076484
1322320110859
1322321142281
1322323581175
1322324678822
1322328734416
1322333588641
1322350087040
1322352242828
1322373287545
1322374062316
1322383419221
1322388944503
1322397064699
1322402895750
1322406135483
1321544654979
1322418781593
1322420422621
1322426723622
1322426940781
1322429212468
1322439991484
1322496611421
1322501705770
1322501854701
1322511927347
1322530727257
1322530928743
1322547965757
1322579371151
1322583447657
1322585151719
1322589340871
1322589927332
1322590669884
1322593505313
1322598545468
1322621268990
1322624472714
1322626368643
1322627636234
1322644917913
1322709664224
1322728529259
1322750110015
1322785575549
1322802025579
1322837110812
1322839468788
1322841444107
1322841837780
1322854743631
1322855195403
1322876875933
1322886031703
1322886094386
1322887537433
1322899871053
1322922794717
1322923978319
1322949454500
1322988305119
1322989752818
1322990523624
1322991976929
1322992480483
1322996035775
1323004049754
1323004078477
1323007839121
1323008900493
1323014080368
1323026973842
1323035676906
1323044262501
1323060325627
1323097658534
1323116057840
1323119422497
1323122860817
1323125616103
1323127147183
1323142980941
1323149996456
1323151984583
1323200244507
1323205465763
1323209349176
1323239773017
1323270516596
1323283509171
1323290523671
1323291190537
1323306132219
1323307486415
1323364430080
1323364705596
1323364983125
1323366188380
1323376041903
1323379808744
1323382561262
1323383801462
1323392070501
1323393184221
1323393684836
1323400390583
1323400737399
1323413756734
1323414482975
1323427457794
1323450381931
1323455373546
1323460529172
1323465813701
1323473879890
1323513115930
1323514277081
1323630249234
1323631583783
1323633627070
1323706278920
1323717411187
1323722950582
1323723652359
1323747132015
1323762136120
1323783633776
1323789062476
1323809183531
1323842244085
1323861897254
1323876058928
1323876881921
1323878856968
1323885354671
1323887398147
1323887725229
1323895566069
1323902010213
1323953958175
1323975677093
1323999937482
1324009629656
1324015113270
1324015255735
1324018007848
1324021116130
1324074294771
1324076262843
1324083200294
1324103801690
1324137727057
1324143741194
1324153734094
1324160207225
1324162029916
1324169781846
1324178199953
1324180025568
1324181202531
1324190111255
1324222850198
1324224827432
1324234527671
1324236313193
1324303460737
1324320614529
1324328154708
1324332812933
1324350991543
1324361730563
1324374372664
1324376890367
1324379696814
1324401621913
1324404807659
1324405904100
1324406793682
1324421528766
1324421837443
1324432761593
1324442240750
1324450851749
1324455672932
1324467937952
1324478889855
1324485223656
1324485542862
1324486880410
1324487011406
1324489290359
1324519179617
1324657124238
1324662712932
1324700837722
1324704948087
1324709664500
1324715311781
1324732535453
1324829378261
1324833885058
1324834265045
1324838960140
1324860459966
1324904290746
1324924034294
1324934071331
1324948597879
1324950754872
1324954159903
1324955639281
1324957970565
1324961916598
1324974313855
1324974875055
1324995722845
1324999389635
1324999822938
1325001660489
1325002197190
1325002871206
1325003056259
1325003387506
1325004466987
1325009840904
1325017571198
1325022989875
1325108949988
1325109085482
1325127700423
1325128337632
1325129807684
1325130609274
1325130722426
1325161578156
1325172307906
1325180636770
1325193293772
1325197635970
1325199130698
1325283022291
1325341853378
1325347492693
1325348965543
1325372451769
1325427390218
1325433847000
1325458330644
1325464353262
1325475678484
1325496375295
1325552191890
1325559261304
1325565217795
1325580834884
1325584232109
1325595053215
1325607277301
1325702026128
1325702261471
1325724062486
1325747280428
1325749223587
1325751808201
1325779716370
1325788343591
1325793874038
1325798071139
1325807648760
1325817108598
1325819064750
1325845695010
1325849116968
1325851092639
1325863920099
1325868009343
1325869807515
1325870311125
1325881434516
1325890202658
1325920385145
1325920974632
1325926374270
1325926721174
1325930214390
1325941061359
1325960483415
1325968064596
1325975830488
1325991043300
1326023460444
1326042706345
1326044137724
1326058823545
1326068745114
1326072920994
1326075330855
1326112299899
1326129400792
1326164960504
1326176742718
1326181278354
1326202907828
1326215262145
1326231777562
1326250894103
1326272356204
1326305034889
1326359728625
1326392455970
1326417419981
1326421275234
1326470458913
1326480809637
1326495015671
1326501846581
1326546944796
1326552511588
1326570792449
1326577268421
1326580330931
1326580480320
1326693004769
1326628175407
1326660787381
1326661738129
1326663274843
1326666199436
1326670213928
1326682423813
1326682914313
1326687608374
1326699834546
1326706186908
1326718466235
1326721931645
1326747755093
1326749008686
1326751844313
1326757245031
1326757308750
1326763278892
1326769180650
1326865171247
1326795327500
1326803865203
1326804320546
1326806980109
1326807098406
1326809385614
1326811837250
1326817629421
1326818325984
1326826092398
1326843701171
1326844158875
1326846597701
1326894931771
1326923445428
1326965026687
1326965041593
1326969387280
1326971645568
1327014080582
1327014404590
1327014498857
1327015048354
1327019438550
1327028669759
1327032390856
1327056866140
1327057689991
1327082767748
1327090919041
1327092509537
1327094158625
1327103689328
1327127552480
1327147668436
1327148097350
1327148150297
1327150160097
1327152202626
1327191135043
1327196780056
1327197791934
1327210082968
1327247509683
1327254791539
1327273680421
1327273669040
1327286219378
1327287218411
1327341284343
1327347921250
1327348377656
1327348815718
1327352039750
1327365365566
1327374520898
1327391341671
1327399770063
1327420760948
1327426098417
1327426370912
1327427892250
1327432057640
1327432938546
1327433393343
1327434301140
1327436886776
1327437433328
1327450566155
1327488404803
1327499097175
1327507608331
1327513198734
1327513600187
1327515095218
1327543465174
1327549903625
1327566689046
1327581070153
1327589630364
1327610997721
1327614745748
1327620732895
1327632936451
1327637360136
1327639520137
1327645244308
1327678694281
1327683538734
1327685985453
1327690943217
1327726075151
1327738704171
1327762582687
1327762778334
1327772332906
1327779259421
1327781719883
1327784739671
1327786141921
1327786924109
1327788277734
1327841016854
1327846706390
1327847442750
1327847862015
1327854178902
1327854902043
1327855787265
1327897731115
1327901146674
1327902183803
1327904332591
1327906127639
1327911251146
1327925146735
1327943497238
1327943967171
1327944815129
1327948198750
1327957654296
1327963059562
1327963726957
1328019466165
1328024973989
1328026219317
1328030875641
1328037494885
1328040906390
1328057050754
1328057360905
1328057509290
1328066758611
1328082656634
1328094932375
1328118306078
1328118688069
1328121259406
1328123557968
1328124374338
1328136671064
1328139220359
1328141765321
1328164021820
1328173523204
1328211088561
1328212001263
1328212110065
1328223078023
1328223883292
1328239184282
1328257834623
1328261742755
1328263218225
1328283001129
1328295953353
1328297682998
1328297974709
1328298460078
1328331078998
1328346344053
1328347692887
1328348407191
1328357361890
1328367092409
1328387910576
1328401575214
1328406804406
1328449149396
1328456553126
1328461399425
1328465859882
1328523324161
1328524724603
1328623148269
1328623362473
1328623668982
1328625637537
1328626273788
1328628997765
1328632473177
1328640232464
1328640711942
1328649315713
1328649773889
1328656638549
1328701376786
1328708742018
1328731005218
1328735721070
1328736841172
1328741159718
1328747577080
1328751448315
1328771831960
1328793891560
1328818532738
1328819557236
1328822019484
1328838048782
1328865781432
1328866947570
1328875356494
1328901534729
1328906880152
1328907391449
1328908187584
1328922956071
1328953521591
1328969808068
1328972256234
1328983445006
1328986568227
1328990576497
1328994769718
1328994972921
1328997301093
1329015140582
1329043577046
1329051667449
1329075119391
1329076996046
1329077475093
1329077989376
1329085608508
1329086981140
1329093746283
1329097272433
1329104213939
1329110316724
1329137297619
1329160903483
1329164574296
1329166081687
1329168203027
1329169884328
1329172152656
1329176919515
1329183935371
1329184232875
1329184673731
1329189952969
1329195400600
1329196330612
1329218111392
1329227920500
1329228368468
1329239176640
1329244633362
1329245604701
1329252336397
1329252790343
1329257315078
1329259655570
1329275414085
1329281012635
1329282555320
1329299340486
1329310488656
1329310442468
1329310611850
1329315716906
1329319834047
1329320160046
1329321249767
1329321765593
1329321839831
1329324744875
1329325095062
1329337751791
1329343806395
1329346999489
1329352581244
1329352745741
1329372494410
1329385042746
1329407166051
1329424102840
1329426404321
1329426815131
1329438736791
1329458404237
1329482790654
1329490548318
1329500358484
1329508826143
1329510956828
1329511297546
1329512796546
1329516135203
1329516658171
1329516888021
1329522508316
1329531770988
1329536752867
1329554457015
1329580423439
1329580541892
1329582612132
1329582845567
1329587584284
1329587749482
1329590255899
1329650851645
1326710645281
1329677231889
1329680845765
1329690879945
1329769005375
1329774970854
1329781283579
1329785998503
1329795317951
1329815857735
1329828189664
1329833689763
1329843966081
1329871119903
1329881001692
1329891300227
1329908478250
1329929454790
1329944376546
1329948698547
1329959087228
1329963492903
1329964346683
1329964855489
1329965311872
1329965389028
1329965810518
1329970348286
1330010755546
1330012019938
1330015913266
1330032596776
1330033956897
1330034615022
1330042091178
1330043712262
1330076411078
1330077563411
1330078486713
1330080082923
1330079404496
1330080220919
1330117317938
1330136233069
1330151648328
1330160189287
1330180635046
1330198131349
1330206119718
1330229648998
1330233943341
1330228311957
1330268120886
1330269352375
1330281985366
1330285029852
1330291552214
1330296703311
1330300750723
1330220817673
1330309172533
1330311088948
1330325115042
1330355257104
1330361695957
1330368240962
1330371532717
1330373424768
1330373688063
1330380085450
1330407289765
1330441441922
1330443349304
1330443794009
1330446920355
1330447657759
1330449682372
1330449907038
1330451841984
1330455236053
1330456468983
1330457739277
1330457802821
1330457946833
1330458087402
1330458849406
1330461875409
1330463315302
1330463416665
1330463656199
1330463801721
1330464419446
1330464676546
1330469542117
1330527728537
1330537170187
1330548910250
1330592357565
1330631954949
1330640759352
1330668215374
1330713206781
1330746501187
1330770992812
1330781845500
1330827875430
1330847463690
1330897837736
1330917240519
1330927321616
1330949467530
1330980847652
1331004645164
1331011106933
1331011362848
1331142326437
1331147202339
1331253998616
1331328113062
1331338655494
1331355051684
1331424134265
1331681063168
1331816785558
1331839148794
1331845119536
1331905853870
1331952530704
1332010671671
1332012146343
1332020465377
1332021111612
1332023411940
1332025331252
1332028787190
1332029096549
1332031191924
1332031241767
1332031364471
1332031485409
1332052900093
1332073439108
1332136327049
1332196227838
1332201041557
1332240093687
1332344907156
1332558849449
1332579736050
1332870106390
1332872668843
1332954924966
1332955069431
1332955494575
1332966030932
1332968323223
1333143806068
1333169667046
1333309559276
1333310623701
1333348784295
1333424380657
1333824888709
1333882905683
1334044436761
1334172112484
1334173469062
1334210648193
1334251617859
1334251883140
1334252210218
1334252733625
1334268348815
1334284385257
1334313981500
1334319058734
1334324912826
1334497525971
1334527275874
1334543026992
1334600832829
1334922057269
1334939473335
1335013101421
1335021677255
1335023722070
1335024168481
1335024256749
1335099003763
1335289304675
1335412005734
1335475711550
1335480986878
1335482297005
1335572915921
1335575033984
1335576142343
1335609707015
1335630944593
1335731814559
1335757112945
1335759581587
1335761119530
1335777573764
1335891887264
1335897916110
1335904187035
1336011679422
1336054638007
1336060622574
1336061026980
1336079806993
1336339167382
1336497128500
1336598827041
1336620142967
1336742602176
1336750868214
1336751073608
1336751798763
1336752143705
1336878365655
1336890106801
1337119074966
1337260228610
1337442885193
1337486084947
1337489422917
1337537585146
1337538486170
1337579194738
1337626663400
1337630631328
1337634267456
1337636429254
1337638206444
1337655656046
1337683023878
1337707245127
1337745377289
1337861769796
1337898001300
1337907728515
1337908354618
1337926766841
1338053087793
1338131704451
1338135635507
1338152080578
1338153378694
1338196169122
1338198631966
1338233865355
1338238791280
1338259224570
1338317449538
1338339292809
1338416970316
1338417920947
1338418440877
1338426483768
1338440677050
1338443078179
1338443441145
1338444677838
1338474283506
1338524043468
1338551616593
1338669813938
1338928555991
1339016168515
1339039244826
1339113131622
1339239018775
1339512945253
1339513847316
1339548306403
1339618319569
1339663502721
1339748009439
1339755238301
1339758779115
1339898341852
1339924728464
1339934820639
1339947078039
1339999808000
1340005686633
1340008793579
1340111321540
1340113279505
1340143761839
1340158848108
1340193134328
1340194247890
1340194960640
1340196041406
1340276041609
1340286541719
1340296090312
1340508897852
1340547299781
1340580848676
1340653056263
1340678936108
1340692628947
1340753813828
1340777953086
1340792471281
1340793825890
1340793972439
1340797171923
1340800691890
1340850142114
1340887199703
1340891603984
1340904456687
1340904649171
1340922602656
1340971882109
1340976347218
1341007838203
1341035434646
1341125984214
1341202818925
1341209085232
1341220657353
1341364216118
1341534829749
1341536554609
1341697065542
1341741200562
1341782571995
1341792474937
1341810621762
1341835465989
1341884793686
1341918205923
1341950528292
1341993860173
1342008381425
1342054993674
1342095502362
1342114302881
1342151982953
1342167935093
1342174853309
1342257342295
1342308020120
1342380351209
1342486955247
1342496605233
1342524374658
1342537156744
1342569517206
1342800324377
1342821319656
1342826594593
1342859070578
1342860206000
1342971964255
1343008433723
1343198088512
1343419951341
1343515607350
1343646257562
1343696312035
1343725400046
1343926583808
1344551284446
1344700440807
1344811256568
1344863177303
1344977301820
1345073126901
1345139892973
1345140813453
1345141298881
1345142107199
1345233848493
1345257048005
1345257298412
1345340261195
1345457807390
1345464154135
1345469479885
1345472177687
1345487322632
1345525714427
1345527605777
1345544925087
1345552443130
1345559310820
1345571083304
1345577150469
1345631092739
1345648726475
1345649487750
1345657388287
1345706230911
1345813241347
1345814275826
1345814829729
1345902039432
1345908794278
1345967272934
1345998321487
1346007615300
1346011530064
1346018367990
1346032855866
1346040956780
1346042726118
1346057569550
1346059124263
1346059912840
1346062556953
1346084795062
1346235955914
1346328688972
1346346360643
1346414901665
1346422090483
1346432778871
1346440368346
1346518705992
1346535168611
1346612158532
1346756844958
1346767342225
1346913938839
1346944835753
1346947663921
1346953899982
1346970956573
1347008333284
1347038049466
1347049508948
1347089645189
1347097176016
1347227868843
1347255130233
1347324641788
1347371843375
1347383627933
1347422512409
1347459524597
1347474639403
1347502224538
1347526045554
1347550292105
1347555981162
1347641771134
1347646770000
1347725642504
1347767063498
1347769545755
1347874178156
1347895563033
1347928692005
1347967798042
1347980349429
1348001099197
1348078801955
1348252253105
1348388061051
1348391882708
1348466090374
1348509002531
1348526315944
1348545938976
1348682795998
1348793382623
1348797669646
1348860302312
1348885242930
1348959481124
1348959833428
1349095404179
1349131321088
1349164697209
1349180563097
1349183797356
1349184105258
1349185723125
1349252686531
1349258797186
1349457302108
1349464883234
1349511847157
1349532363869
1349533553170
1349601135953
1349609228415
1349789894497
1349840654305
1349861230597
1349863622430
1349864143069
1349901256740
1349904392754
1350058192922
1350112606328
1350114265859
1350138658927
1350155665061
1350185125421
1350315895078
1350450601232
1350533357611
1350572843113
1350605994258
1350616043050
1350659671151
1350660326593
1350693588245
1350702628089
1350848000540
1350913372338
1350918192505
1350924207773
1351003654147
1351097903860
1351112058541
1351301651773
1351389761428
1351400760847
1351431060458
1351444889101
1351447214678
1351520033721
1351521816356
1351543935178
1351632612600
1351633705394
1351782714374
1351784649071
1351784765358
1351785035330
1351795486453
1351798571415
1351798974349
1351810338317
1351864651952
1351900343749
1351915374001
1351962903192
1351968033823
1352053144504
1352060538362
1352069462933
1352154957902
1352182624849
1352192198358
1352223803444
1352240470532
1352306627840
1352308802213
1352320653742
1352321191013
1352402265629
1352464509686
1352549743234
1352557622953
1352635017296
1352635177640
1352636019703
1352733880176
1352778845525
1352848651131
1352985982740
1353000448843
1353078039947
1353188448448
1353190018510
1353442054692
1353479546305
1353515940664
1353705788415
1353716337377
1353787651700
1353799606314
1353802201548
1353803400744
1353813257400
1353868238904
1353932377542
1354021553593
1354039131821
1354255543093
1354287692039
1354288091935
1354294427226
1354301143685
1354301439885
1354312613748
1354358048519
1354462907953
1354464859265
1354473919506
1354532686671
1354534630683
1354542444049
1354568720099
1354569095853
1354572697279
1354574623421
1354755868500
1354769023531
1354818759609
1354828795156
1354845809171
1354994708860
1354995120448
1355049207281
1355079935109
1355137810053
1355150280082
1355171693615
1355253005104
1355449433448
1355449561011
1355449854934
1355449943462
1355450085012
1355483533122
1355511638495
1355584030766
1355666829359
1355690724656
1355785309052
1355863024433
1355880807864
1356045187078
1356087863046
1356113449715
1356127736777
1356185789983
1356263799695
1356275165475
1356276765358
1356279200709
1356349632283
1356354967718
1356356453232
1356386168257
1356394842070
1356395906572
1356518241832
1356529002656
1356559438760
1356578111013
1356637273508
1356722676183
1356728779490
1356779438984
1356789777807
1356846323181
1356901332281
1356909786038
1356929042867
1356929599102
1356957973943
1356971855565
1357006742478
1357202896717
1357240290593
1357247383257
1357248732618
1357251091464
1357251182116
1357304933310
1357386521291
1357466011788
1357477531981
1357478508020
1357533202859
1357618604383
1357657169039
1357657335850
1357658478796
1357766580455
1357794360525
1357851125010
1357874732018
1357928029649
1357936127624
1357936538036
1358050986765
1358051940390
1358052630343
1358053708218
1358074592562
1358082123250
1358097787546
1358110274238
1358132704630
1358126345539
1358265699593
1358266491482
1358267422328
1358274284140
1358372925946
1358440138094
1358442662624
1358445336910
1358466678875
1358470520901
1358486833795
1358812029240
1358819020548
1358892136689
1358909391128
1358921271093
1359113673728
1359345906356
1359346125061
1359373409024
1359401786471
1359436693493
1359471576618
1359607083858
1359662333973
1359662450075
1359662534084
1359662739040
1360040046087
1360216044034
1360237960703
1360404230114
1360425711064
1360528211175
1360570813518
1360576158795
1360610260250
1360661185472
1360704079250
1360720798122
1360740517302
1360752173088
1360786085850
1360908433940
1361010761087
1361030756530
1361032899328
1361041260112
1361084850799
1361098787486
1361136555711
1361197046125
1361225276988
1361257177737
1361257586896
1361261819512
1361269933625
1361270562576
1361279173997
1361291024213
1361303404097
1361309854511
1361311021536
1361319905420
1361344878834
1361346396126
1361367496546
1361368035812
1361395051425
1361430206730
1361468273646
1361470725802
1361577775958
1361648433541
1361652920571
1361709448218
1361720713779
1361743942480
1361894530197
1361904311586
1361905202134
1361932939851
1361939625530
1362076246021
1362077956234
1362179119414
1362211248093
1362230986351
1362274935795
1362495873290
1362508260512
1362517857036
1362518976460
1362520142352
1362520924011
1362583831631
1362598963326
1362600477979
1362602432103
1362605426892
1362673166860
1362731122600
1362847766021
1362880873423
1362898046619
1362931408128
1362950400913
1363026596080
1363027725004
1363030125559
1363047843194
1363100485625
1363108434317
1363245272328
1363275663875
1363350725167
1363370429477
1363395434067
1363398408464
1363462580355
1363466504151
1363467160737
1363496907872
1363538528961
1363540284447
1363545728368
1363577123516
1363624932906
1363730545762
1363746143259
1363807868004
1363806668421
1363821923902
1363900186463
1363966666881
1363963402475
1364143593607
1364158198804
1364309227697
1364321101139
1364366234104
1364410172139
1364560635813
1364572283446
1364588831317
1364638047717
1364752207006
1364802963734
1364805856437
1364892582349
1364913850671
1364917034306
1364921557344
1364924266813
1364926736791
1365003322277
1365012095483
1365197668800
1365221155312
1365222937859
1365275842146
1365503801022
1365556391734
1365666085620
1365670980475
1365671385097
1365699897666
1365715171498
1365751544746
1365795181944
1365811349214
1365853666871
1365930434558
1365975502165
1366163277535
1366168895851
1366438664889
1366629734339
1366788916790
1366827222775
1366859343886
1366922783211
1366968169019
1366969345637
1366973770319
1367062203750
1367072844281
1367156453315
1367192539742
1367192788404
1367358295592
1367486314553
1367730000032
1367732261864
1367734546935
1367737931166
1367788902506
1367832622202
1367883311786
1367907877804
1367995552864
1368024653714
1368130053414
1368154192953
1368229694261
1368273720115
1368399462947
1368435185751
1368520484825
1368738079010
1368917087106
1368965131931
1369120623536
1369169934961
1369232641744
1369237034612
1369239216621
1369242574559
1369246777427
1369267758550
1369298442955
1369299738056
1369322226869
1369323658244
1369329461243
1369330857377
1369333168122
1369342295329
1369389982352
1369412478115
1369447556748
1369687881040
1369759067419
1369758975848
1369876149712
1369877803195
1370013087237
1370096328171
1370131524905
1370172965999
1370202768357
1370252525448
1370276534307
1370306376221
1370488786425
1370490544690
1370584802787
1370586037546
1370586371170
1370881026277
1370960340480
1370981008951
1371157618187
1371239895561
1371243778310
1371623120643
1371698964557
1371700216362
1371701504843
1371742258476
1371745163612
1371745855757
1371748133373
1371826339275
1371856433010
1371857972246
1371906447626
1371907693907
1371918428502
1371929971201
1371943729434
1371944458565
1371948583690
1371954329714
1371957936346
1371961097302
1371984627237
1372000487665
1372003779403
1372019775290
1372080111046
1372098928162
1372177839578
1372251414175
1372338770248
1372438825391
1372527385022
1372532744732
1372544909675
1372548967653
1372580719136
1372581642538
1372586292645
1372587003544
1372598414240
1372604451204
1372612802082
1372628080848
1372686149367
1372712439333
1372748520105
1372892210166
1372922184456
1372951146233
1372993452448
1373010679692
1373107526781
1373195514097
1373220638880
1373258206500
1373322623503
1373323787458
1373324522975
1373343159906
1373343392765
1373361441500
1373370636292
1373392879886
1373405758776
1373406979719
1373451869387
1373492721030
1373530778682
1373565498713
1373578264016
1373635289844
1373671617153
1373672035565
1373874032460
1374001654663
1374014720085
1374064841910
1374069565066
1374093703144
1374158515265
1374162533275
1374242086492
1374265405939
1374320245550
1374322357488
1374342659580
1374356337036
1374358140430
1374432877037
1374456577189
1374598258800
1374622608155
1374664365573
1374685418096
1374703073299
1374783128393
1374949090999
1374997282434
1375040231549
1375040838488
1375041276747
1375311758178
1375355326615
1375382474057
1375406232428
1375425128989
1375483980209
1375545973562
1375553668645
1375595959155
1375747495479
1375780853546
1375848420262
1375859325593
1375892399531
1375894634845
1375910152429
1375955879029
1375958680285
1375989686668
1376110142976
1376112109822
1376115871148
1376140762335
1376476565467
1376486597101
1376490459670
1376499341160
1376503518108
1376574155436
1376577433253
1376628657767
1376725713456
1376790176016
1376791051031
1376798239676
1376875285574
1376879668180
1376968729176
1377025734895
1377051194860
1377089338824
1377124607177
1377270289267
1377297680651
1377368419474
1377389419842
1377405857637
1377419187895
1377500336579
1377567837669
1377615291366
1377661571006
1377705819193
1377727121071
1377727538874
1377779232492
1377790921310
1377847428265
1377852198136
1377942254656
1377997390734
1378059757984
1378087782989
1378094637989
1378112574800
1378147230659
1378148928478
1378221990488
1378312910467
1378357429093
1378409887444
1378473233705
1378555628491
1378557654807
1378602638819
1378628365153
1378634051192
1378640298407
1378652889746
1378760416974
1378762379601
1378933284432
1379007075527
1379007832583
1379066767999
1379067361707
1379069554368
1379158931784
1379183243780
1379235155160
1379248116709
1379248421780
1379298277082
1379333192937
1379353102876
1379362076650
1379401708301
1379407399083
1379423487417
1379448137966
1379553432262
1379555423790
1379466501053
1379516416262
1379547545789
1379547663952
1379648512136
1379601811271
1379635464364
1379639650762
1379683699457
1379713882010
1379723206718
1379867654660
1379872445049
1379872954789
1379897620090
1379928435423
1379946270971
1379954308546
1379982490553
1380115782178
1380152685842
1380214285382
1380249306263
1380258125123
1380324552510
1380379571968
1380400939063
1380445570490
1380454672149
1380473510077
1380574501767
1380586252500
1380626758447
1380635472429
1380640019637
1380664791828
1380706935449
1380715185106
1380803785562
1380880537977
1380880863902
1380960616975
1381176538684
1381328689150
1381377533328
1381416713268
1381422638622
1381575449145
1381678914195
1381864543166
1381868209202
1382053807557
1382124517568
1382175495510
1382285333077
1382304562862
1382314081357
1382366769591
1382389925446
1382431546787
1382434187379
1382537252766
1382728635374
1382939830676
1382941423804
1382943714909
1382945796365
1382979508020
1383011151126
1383075372037
1383089327423
1383183112435
1383226795119
1383423782943
1383434747510
1383485343973
1383770439963
1383856335332
1383927682001
1383928496711
1383952052931
1384016085329
1384043666591
1384046864102
1384211148066
1384276848778
1384291783888
1384291883059
1384409388501
1384674178674
1384798230978
1384824097325
1384832197970
1384970346677
1384995744831
1385082745282
1385133582125
1385140339797
1385293268458
1385295244256
1385309981151
1385512170492
1385571464142
1386003957247
1386089527330
1386165007687
1386206953756
1386231336934
1386242444697
1386271592453
1386353991691
1386415934579
1386550887586
1386648105697
1386730210014
1386764786368
1386819378792
1386821621617
1386921439577
1386922143428
1386923554436
1386971206004
1387004785250
1387019604847
1387406180392
1387446922163
1387448356572
1387469331606
1387632374895
1387659314504
1387668392351
1387821934268
1387858481391
1387965180600
1387987267349
1388092009788
1388334223027
1388353148704
1388389330732
1388401391656
1388416552464
1388569701816
1388579027388
1388588213230
1388594399736
1388595160097
1388626898496
1388712928747
1388764420189
1388768563397
1388784365444
1388784759041
1388787591729
1388787658774
1388790297232
1388792888668
1388865331726
1388877505341
1388879632867
1388935166942
1388987465278
1389041928149
1389755514234
1389801352134
1389135691734
1389225092097
1389298901709
1389314628858
1389327718061
1390055238692
1389387754844
1389400542017
1389412254002
1389438225494
1389445838500
1389450461515
1390152092905
1389465819685
1389472654759
1389475648368
1389495582395
1389536004796
1390233001938
1390235093211
1389553031866
1389554053088
1389565946669
1389566108860
1389608036685
1389649189180
1389652173905
1389652568763
1389660209710
1389675845342
1389703245474
1389723913587
1389796092537
1389848819754
1389882451053
1389882728696
1389884288403
1389962151146
1389965721361
1389966091221
1390052149468
1390134220789
1390140593748
1390141464161
1390154356934
1390627665986
1390849028770
1390869375690
1390988775395
1391097572448
1391121188614
1391200830007
1391205978807
1391275362033
1391295841000
1391296445718
1391389150545
1391578644417
1391626194764
1391692298352
1391766434258
1391888530222
1391976752497
1392161252242
1392171650623
1392224615695
1392227369454
1392296092760
1392333950360
1392639998959
1392647351339
1392819240098
1392889885598
1392903797846
1393172397261
1393248217317
1393250827450
1393263317334
1393357082437
1393365516769
1393365641807
1393365714352
1393376034031
1393423822162
1393696791263
1393697959400
1393698873556
1393867447664
1393867875202
1394181896363
1394219439223
1394521000865
1394521527147
1394529338708
1394580192274
1394657143555
1394721204582
1394724591313
1394737884140
1394749727650
1394759441247
1394760716404
1394761050837
1394893020817
1394915601465
1394942039343
1394964420250
1395145377188
1395203411861
1395246856922
1395266317665
1395288104495
1395305162190
1395320678303
1395327604315
1395327696894
1395425557799
1395504012955
1395520339795
1395613072807
1395614084168
1395615690129
1395619602484
1395620343318
1395622897657
1395623567831
1395623885195
1395653160432
1395676745646
1395852937932
1395870528648
1395996022012
1396022601421
1396062508667
1396301796045
1396306362495
1396439671501
1396512551077
1396514634470
1396593752415
1396804461749
1396858490488
1396883764614
1396886190015
1396908881377
1396972988544
1397298928727
1397307284819
1397312167081
1397314804270
1397316626232
1397317964798
1397319387704
1397339383546
1397375731067
1397510685774
1397530256981
1397609657002
1397641500354
1397669720580
1397694934682
1397756580235
1397760761040
1397763189145
1397774724024
1397979876679
1398043629663
1398368470632
1398374297942
1398406524807
1398616272256
1398643356875
1398684609661
1398699840506
1398855666347
1398859545575
1398861278132
1398861826031
1398911264224
1398976547954
1399032804741
1399040632727
1399042459234
1399081201000
1399086366605
1399716250388
1399800028976
1399815306574
1400021125156
1400037174566
1400121275928
1400175589647
1400200012412
1400207171391
1400600792473
1400600796671
1400701641559
1400757596719
1400788925850
1400796359034
1400873544695
1400925846208
1400971828511
1401020837823
1401178707469
1401181182881
1401242412552
1401309526032
1401487521995
1401490725698
1401572647295
1401584939524
1401598879648
1401741388493
1401782194637
1401826792025
1401827741733
1401970285312
1401970432021
1402112317168
1402694397848
1402834940089
1402849752401
1402922226022
1402997235538
1403005634240
1403113292180
1403115394373
1403117013585
1403175705054
1403240707534
1403327141654
1403375634790
1403382410843
1403451396838
1403454823917
1403524407789
1403653475109
1403682932511
1403683600622
1403779153497
1403785246055
1403794754614
1403795868943
1403803595309
1403809569424
1403809823545
1403816837091
1403852542836
1403892487080
1403895455018
1403896595114
1403940611960
1404025731430
1404040173120
1404114595291
1404239135843
1404245352699
1404275108441
1404317813973
1404332625700
1404425734129
1404618186572
1404808688772
1404824468596
1404957093198
1404967642499
1405191441601
1405243461680
1405329155220
1405434036093
1405436969590
1405684898135
1405705207667
1405944549110
1406040723942
1406059202180
1406060174445
1406065858693
1406079409025
1406485795969
1406580353524
1406642689368
1406838242390
1406870170939
1407010696332
1407010845708
1407099074821
1407100443275
1407208779247
1407215353843
1407354372857
1407506400931
1407590133270
1407676775576
1407781572993
1407851418962
1407875790597
1407876284980
1407879557774
1407879893805
1407880253202
1407880908364
1407915873295
1407916288800
1407917049336
1407917828283
1407918143957
1407918323336
1407932669470
1407953495593
1407961627926
1407963060174
1408016693131
1408022815688
1408024460942
1408038981052
1408049054417
1408053999260
1408114433302
1408119789151
1408129273546
1408136808843
1408170913300
1408290183284
1408344450249
1408745981658
1408803555535
1408831763015
1408906762026
1408981477624
1409018403605
1409059751533
1409156259198
1409236830419
1409255334071
1409400449912
1409430174634
1409430503555
1409436057098
1409509508451
1409554869800
1409590929114
1409656015079
1409663129125
1409665158030
1409667508872
1409668696553
1409669209041
1409673217041
1409693086056
1409693141930
1409774497643
1409999005533
1410024916792
1410029586514
1410030749970
1410075265738
1410101639447
1410105727878
1410142570105
1410143313667
1410149498367
1410156532578
1410198099660
1410231122715
1410241034084
1410285623287
1410344567223
1410351256854
1410468133171
1410507305806
1410508798292
1410591237825
1410603190098
1410608073021
1410613851004
1410631715361
1410638596565
1410668022785
1410702800543
1410749514251
1410782188696
1410846387066
1410866123239
1410893275345
1410959908413
1411007635223
1411056444765
1411272096126
1411311800076
1411317062411
1411756268585
1412011707841
1412044147794
1412045919150
1412046024027
1412074821721
1412112119868
1412113716196
1412121359548
1412169171076
1412189918064
1412198954390
1412452558549
1412494852119
1412531648339
1412537043079
1412622546968
1412624698265
1412673393968
1412747069882
1412773591559
1412796532963
1412823420326
1412911634149
1413105492253
1413167839793
1413185999630
1413203218054
1413223511015
1413228811450
1413243216259
1413273278087
1413292247829
1413301990734
1413338860946
1413360499098
1413424140810
1413618843017
1413640320455
1413643113525
1413726828776
1413767840996
1413769268749
1413834135265
1413990043397
1413991428073
1413993300405
1414003169154
1414006227487
1414013911610
1414015601200
1414018297894
1414019878344
1414048438702
1414071602308
1414106803639
1414169215046
1414214804313
1414223644440
1414233138153
1414251056137
1414256809271
1414350336627
1414399211431
1414429867060
1414430561572
1414438645066
1414448347242
1414449773959
1414468986825
1414515176056
1414571401679
1414592288294
1414593900498
1414641770157
1414926531595
1415020019816
1415056042683
1415127013323
1415199228339
1415224920250
1415255536347
1415293654680
1415297703279
1415309105067
1415310587793
1415400689870
1415479820523
1415481004285
1415481291291
1415739684059
1415743256031
1415753414455
1415919867964
1416079099515
1416136395125
1416215881406
1416281542976
1416284245596
1416327590556
1416413222547
1416423194987
1416600295344
1416650561577
1416812399838
1416864673946
1416907119902
1416915644380
1417025427693
1417334821552
1417343970969
1417346595688
1417361705243
1417405425507
1417491917704
1417545751452
1417548015843
1417548348731
1417673596566
1417694932017
1417712554627
1417750843720
1417803148425
1417807898730
1417899332365
1418003176069
1418164588538
1418251333975
1418274782463
1418387073303
1418490638427
1418504868995
1418545505036
1418580786237
1418585038438
1418668074151
1418695185691
1418703979431
1418738693677
1418742058724
1418753549612
1418805282362
1418888375457
1418893543372
1418914566496
1418917231412
1418934839312
1418957496283
1419026389633
1419030654716
1419087922331
1419124206654
1419177152938
1419246958793
1419286162142
1419286634208
1419354504583
1419430016653
1419466898460
1419533290617
1419604942695
1419626836381
1419711340242
1419720636705
1419796612985
1419862523836
1419967449706
1420147366168
1420156980327
1420277879572
1420308764479
1420351034686
1420351362666
1420351588773
1420351971037
1420352183598
1420352419557
1420352715651
1420425392571
1420501652976
1420514919648
1420517929357
1420507363890
1420507596328
1420571126402
1420573284809
1420640205354
1420669853239
1420675222255
1420753194429
1420774621777
1420781319677
1420786228626
1420913930047
1420915588338
1420965052983
1420985135627
1420988561443
1421008439967
1421217463985
1421243231905
1421409697306
1421436916387
1421440210847
1421466778112
1421479436000
1421508074293
1421530975774
1421553911330
1421630046308
1421635452012
1421642075873
1421673443071
1421694099570
1421701219111
1421722381730
1421737627391
1421737799867
1421821648491
1421860977733
1422018400698
1422173038362
1422252616571
1422346389823
1422346591417
1422346757567
1422346874335
1422347367213
1422368058723
1422369446922
1422370906897
1422385014318
1422539016955
1422574213020
1422697938855
1423012707949
1423064782584
1423087297711
1423093724574
1423123758449
1423124416868
1423124743061
1423193453000
1423238924814
1423311026456
1423397377601
1423484459674
1423573676092
1423578726512
1423581232812
1423619094237
1423729823424
1423827018063
1424013699559
1424035604273
1424039448615
1424046310941
1424049598678
1424053148312
1424111719832
1424161698076
1424171202806
1424171397607
1424173710789
1424302247607
1424306703963
1424361377140
1424431988427
1424538857321
1424556932682
1424558579747
1424623741839
1424635114111
1424648539541
1424699626065
1424699887736
1424752107305
1424775620129
1424797999671
1424821444369
1424825660159
1424828008084
1424883426954
1424901722988
1424916986924
1425026552045
1425064214283
1425152186195
1425187652773
1425335120406
1425359581350
1425558300524
1425610423697
1425787426097
1425928472669
1425931486488
1425932785249
1425937347453
1425938049692
1425957703749
1425962798432
1426019460200
1426020112704
1426020168271
1426021789209
1426021835095
1426022287684
1426022320280
1426022500130
1426022768287
1426036528974
1426096740277
1426110926758
1426111002308
1426111084317
1426254181445
1426286663094
1426330110290
1426390815452
1426404656455
1426476906774
1426542077196
1426559368127
1426587023137
1426748119382
1426915784160
1426938753592
1426989993968
1427125634308
1427130508141
1427149099040
1427173813693
1427204681816
1427205898949
1427395897021
1427475805736
1427523894659
1427639096537
1427644085513
1427674579520
1427715326856
1427741210623
1427778966164
1427779309825
1427791547950
1427801509501
1427802082821
1427810830454
1427870021013
1427957016179
1427973363112
1427977586795
1428113159332
1428196983310
1428207552921
1428230491707
1428263614377
1428309326886
1428425185136
1428425255572
1428453857533
1428475175708
1428515384011
1428572163372
1428670333496
1428693757214
1428693817790
1428877889814
1428956016830
1429016019199
1429100473503
1429378633230
1429451540244
1429453334672
1429667054017
1429802704099
1429900614573
1430041358854
1430048573015
1430051541919
1430165960892
1430312457586
1430457935663
1430559089691
1430644954758
1430717534150
1430950847154
1431043476001
1431102580446
1431683263598
1432092700709
1432167045249
1432485551788
1432525300951
1432579730197
1432582577526
1432588234560
1432592649197
1432593067633
1432617590340
1432817019810
1432869153842
1432870662042
1433080041249
1433210583213
1433445163062
1433818753384
1434355396569
1434357590367
1434457213608
1434553397280
1434613183537
1434693432747
1434727426939
1434766182234
1434766289542
1434778676149
1434792717742
1434917213515
1435004391469
1435049744913
1435069962261
1435314109411
1435566106829
1435595670947
1436060106394
1436627605829
1437429008670
1438351662445
1438351936878
1438375362284
1438448178151
1438500677346
1438512956573
1438572217346
1438593126231
1438605907311
1438648960036
1438655724332
1438656234299
1438683784488
1438750514411
1438758518000
1438912481485
1438919745507
1438954149984
1438977291425
1438993756322
1439015610474
1439018203684
1439079649666
1439086441533
1439203289315
1439287445479
1439308019468
1439357777967
1439357818778
1439378274615
1439391903224
1439471478199
1439567956684
1439568241339
1439623593380
1439630479495
1439688988148
1439705062482
1439720839569
1439782792711
1439808535984
1439858716454
1439989192366
1440075158779
1440085031932
1440092118410
1440093800530
1440112512180
1440157402231
1440192205457
1440192343390
1440193362739
1440193655291
1440217474109
1440219063135
1440232802497
1440233013874
1440236592469
1440322144201
1440322501459
1440326844593
1440412299679
1440490844790
1440501604257
1440529657065
1440531550415
1440594304442
1440662187021
1440678678029
1440759384974
1440766270660
1440766986459
1440834903731
1440835948670
1440837643768
1440844724452
1440845107578
1440874139294
1440876237721
1440923649979
1440925222026
1441016249746
1441016302194
1441016384927
1441103485329
1441110064754
1441198694912
1441275774830
1441276709716
1441283561897
1441429327815
1441429589286
1441431018232
1441431716856
1441431817766
1441443621941
1441456625785
1441457750745
1441533526548
1441619446183
1441620935434
1441711016981
1441711335740
1441793360239
1441875876945
1441889824797
1442056245360
1442061755146
1442121324727
1442121366841
1442122099335
1442152302013
1442156426099
1442190027396
1442233400626
1442319239038
1442320374998
1442331316685
1442410390517
1442491278662
1442565214181
1442745211869
1443005807894
1443016364449
1443051196544
1443063193179
1443175766542
1443317645937
1443392662512
1443789831489
1443990416127
1444106803160
1444111820166
1444115633737
1444228745179
1444267316552
1444318003623
1444405476496
1444427577459
1444431025828
1444614288921
1444630750476
1444671835263
1444902752985
1444906727662
1445039784215
1445200126645
1445205309874
1445216762467
1445229690490
1445471503455
1445510412664
1445510578298
1445553901483
1445555108880
1445615802531
1445726063799
1445806292732
1445816728493
1445886577172
1445894714051
1445927471030
1446295410544
1446316803915
1446329885189
1446416093219
1446418060769
1446420921499
1446427873370
1446465514924
1446738366669
1446799797058
1446828575559
1446929956788
1446936104037
1447249169939
1447249695673
1447250122845
1447269877259
1447482667124
1447483033928
1447643309117
1447695701524
1447712838250
1447731065294
1447809014636
1447898814027
1447992704135
1448080112353
1448087100755
1448087805452
1448120913389
1448373147844
1448373375703
1448414000179
1448497738484
1448529252493
1448576512079
1448576574017
1448597792515
1448599463478
1448830811918
1448925628014
1448929750687
1448946001039
1449016568477
1449020668772
1449104477967
1449197150156
1449223417708
1449254766279
1449301454829
1449347807907
1449364286203
1449529813153
1449818916450
1449853115814
1450018351693
1450030636054
1450088102160
1450089130972
1450151042306
1450430842570
1450432028688
1450749598540
1450751012446
1450805900048
1450819971559
1450903593525
1451117261208
1451243683457
1451323462384
1451324150707
1451346191695
1451346727624
1451498021551
1451501614330
1451689166452
1451723758452
1451824287980
1451881135421
1451885576511
1451888354071
1451903041086
1451922044064
1451922233831
1451928204692
1451944146532
1452002371885
1452023405160
1452031743874
1452262547486
1452478527158
1452557053874
1452691992677
1452706517584
1452807336245
1452811012726
1452865654822
1452981040899
1453124974793
1453126780324
1453145501202
1453170704430
1453205115131
1453208351516
1453368346441
1454930902423
1454931917307
1455016154256
1455043999377
1455312286147
1455314984850
1455328351129
1455390003829
1455402125838
1455450823584
1455453648747
1455455087275
1455571450650
1455585467851
1455647768951
1455660027828
1455778547621
1455820779308
1455832268881
1455847004661
1455847932242
1455850113492
1455857439449
1455930539637
1455931861967
1455991751924
1455992820155
1456011163055
1456072409479
1456083513401
1456083561255
1456137561790
1456178233106
1456294721479
1456297195009
1456454090364
1456610913069
1456630036406
1456668104700
1456859817082
1456902423677
1456932095291
1456958941317
1457117568232
1457120011461
1457201314179
1457278313063
1457304764507
1457546556299
1457553489671
1457554823480
1457630852918
1457673855145
1457720218454
1457726458508
1457820186447
1457994410986
1457997949133
1458132790182
1458409520787
1458492298656
1458848887460
1458849059124
1458858863316
1458859008693
1458896729247
1458900157889
1458915672652
1458915939127
1458926012331
1458926138432
1458926444434
1459176961871
1459221030846
1459251751112
1459253149678
1459327007085
1459327283303
1459369612139
1459376878855
1459382431021
1459382744232
1459383733496
1459621188044
1459623291123
1459626086023
1459681040361
1459743361260
1460013152017
1460086076016
1460156342190
1460305187758
1460309550428
1460326884126
1460386753400
1460474208714
1460727890446
1460841504968
1461224422299
1461225988673
1461226621767
1461233405544
1461669523533
1461674603580
1461674859378
1461714036316
1461827670814
1461927613606
1462122594174
1462218838121
1462229881620
1462465930867
1462485347103
1462594527602
1462622910212
1462873880264
1463050308124
1463142907791
1463538496687
1463568171497
1463570831296
1463571241602
1463571846663
1463573125764
1463590141965
1463651420482
1463666005392
1463671699410
1463691535572
1463692061266
1463832150485
1463832676691
1463898678948
1464012432178
1464027966213
1464181604255
1464309387688
1464467667996
1464468190543
1464515391307
1464521296098
1464552489478
1464749606950
1464749723686
1464783287484
1464884976966
1464924368527
1464964415799
1465116149997
1465131273543
1465166397815
1465181074390
1465200220912
1465202992596
1465203238503
1465237478892
1465243483269
1465283980732
1465325254073
1465524654490
1465582029821
1465750179040
1465770445416
1465929080470
1466056213193
1466067386756
1466068165420
1466146571549
1466157754254
1466192393102
1466193792134
1466269075734
1466269686217
1466456002405
1466513406133
1466515762168
1466517532396
1466518682174
1466631654925
1466656342855
1467060185658
1467060726320
1467138475233
1467307218141
1467375608200
1467400188267
1467556522406
1467661407826
1467715595812
1467791537000
1467813985568
1467825097168
1467858744339
1468054892390
1468064703316
1468129385088
1468232963532
1468300975595
1468432388145
1468433192563
1468606230712
1468635712979
1468662842945
1468778777394
1469005225352
1469009137429
1469086633284
1469255370882
1469285876346
1469366463942
1469410290997
1469455733200
1469708360601
1469726499432
1469766057027
1469807024529
1469827170123
1469908715668
1470094465345
1470145247833
1470230494612
1470256019022
1470407240428
1470584644880
1470661326757
1470790214115
1471074810708
1471075678810
1471102803878
1471303289808
1471357700678
1471781185719
1471961679612
1472036504354
1472210735062
1472359880868
1472359988621
1472398823501
1472402023575
1472450056122
1472451205704
1472451612956
1472452340605
1472453099257
1472453581814
1472455273548
1472471507478
1472491521121
1472552692887
1472626387414
1472695345999
1473110562259
1473155402074
1473183793964
1473206591149
1473222941475
1473236173642
1473237775936
1473269361428
1473313105703
1473483068903
1473565177677
1473700526372
1473704126044
1473717738748
1473775712263
1473848754830
1473879543732
1474026391464
1474145657397
1474146007555
1474185549786
1474220281237
1474220536107
1474222151689
1474230841603
1474347896725
1474348281155
1474378888152
1474403407782
1474483571421
1474785796306
1474826784256
1474950329342
1475022564194
1475075045160
1475164011723
1475184275658
1475779966485
1475943076112
1476012405182
1476020903150
1476170838250
1476221024735
1476253493050
1476270478097
1476273349223
1476297714040
1476484534609
1477064108703
1477076833459
1477428463914
1477679701841
1477768467915
1477774477640
1477785197727
1477920772652
1477944091967
1477945688774
1478032241318
1477916913346
1477917737423
1478131659113
1478546545630
1478546579945
1478548180512
1478549325304
1478972502604
1479055622770
1479506143326
1479513499986
1479570787945
1479578235632
1479580751898
1479661281918
1479684454672
1479684615858
1479684730600
1479694090049
1479837000211
1479954027035
1479992064273
1480025020627
1480111979017
1480186351598
1480187772135
1480369563964
1480432887190
1480541073661
1480542238791
1480741446443
1480808469769
1480974756141
1481012353200
1481048784820
1481068781790
1481149682695
1481360724576
1481397231258
1481397735072
1481482530638
1481512470857
1481540938547
1481624100548
1481677679545
1482220031685
1482220111787
1482266601061
1482687808709
1482907211461
1483053806283
1483060476543
1483153923005
1483154644529
1483156200639
1483157111443
1483158420967
1483158898197
1483253261983
1483306052560
1483336137569
1483462742787
1483707119998
1483802987824
1483805217124
1483910141704
1483994594137
1484082690336
1484102944551
1484168647856
1484237662304
1484247504526
1484261368738
1484261850543
1484322698878
1484326366004
1484338024724
1484344921192
1484367997472
1484417866258
1484425181573
1484439694220
1484550591571
1484593170825
1484611587812
1484686569562
1484711489251
1484770304475
1484776828935
1484783004308
1484845285066
1484862864933
1484863240462
1484889163042
1484944338275
1485075223959
1485088621210
1485099653024
1485111448980
1485115658358
1485149205633
1485171240928
1485171587119
1485171837662
1485305594682
1485371788437
1485411087544
1485418665261
1485447552445
1485464030083
1485546702205
1485609039361
1485688116955
1485733701414
1485802207121
1485820550508
1485885839014
1485893507393
1485901207708
1485901303034
1485901370438
1486296295700
1486375772931
1486381312504
1486404669697
1486447495173
1486645633308
1486709973015
1486939271455
1486977119102
1486992953397
1487102239807
1487108222035
1487121971292
1487239574109
1487374442191
1487477111588
1487503059767
1487509282482
1487591674451
1487606808367
1487745912150
1487813976394
1488567711818
1488839031110
1488843527943
1488995310353
1489008777810
1489054853466
1489116389551
1489214710996
1489221583709
1489259590477
1489293263412
1489357955213
1489416298643
1489416340935
1489559220743
1489567460689
1489608874901
1489688603408
1489695418854
1489730643737
1490121315905
1490137836206
1490278477773
1490281060349
1490375639637
1490407955012
1490409022969
1490409352593
1490409710019
1490414959779
1490418156850
1490473776239
1490476493173
1490507153053
1490553239407
1490553816048
1490554226059
1490555664865
1490703437642
1490704504028
1490915441447
1491048290981
1491090074755
1491125305392
1491157152696
1491195512433
1491332682311
1491381659884
1491411659131
1491471583970
1491471550017
1491472438185
1491476210539
1491486139637
1491487554354
1491547762450
1491549466109
1491624286313
1491838782854
1492087195443
1492525701802
1492560487556
1492572225801
1492594345748
1492892975639
1493536921522
1493675561827
1493752794988
1493753914608
1493830917646
1493921931207
1494376545955
1494381218385
1494421399334
1494704898139
1494733633976
1494814251280
1494814730213
1494940076675
1494940572643
1494965395951
1494965470244
1495031186015
1495055316257
1495192688901
1495539050214
1495540458880
1496073860587
1496078839333
1496133820460
1496682901534
1496847777002
1497358940766
1497647782697
1497649267813
1497651172385
1498229562129
1498306247640
1498326039702
1498337448444
1498424417686
1498928504275
1498941464013
1498942255516
1499112943534
1499163131778
1499466512811
1499721696962
1499914599240
1500136287811
1500261219094
1500395451589
1500456182686
1500571422579
1500893101629
1500906329178
1501000742555
1501066911405
1501153984787
1501320363828
1501320471089
1501516453384
1501621811608
1501752930558
1501781541142
1501807543541
1502167747181
1502230342889
1502287140994
1502347859020
1502349385981
1502351937404
1502355511200
1502356501318
1502441600444
1502455968301
1502462905630
1502463423808
1502521535077
1502522357384
1502522542152
1502522850026
1502823915808
1502877694639
1503160460078
1503374803630
1503382857816
1503457984671
1503474531506
1503617427572
1503670538913
1503777289862
1503853373190
1503868422459
1503899531373
1503902141243
1503905763781
1504116998742
1504318798937
1504489399277
1504492231027
1504504553660
1504633088322
1504633268930
1504640197305
1504696518212
1504726581245
1504915482226
1504989854227
1505425461318
1506274764465
1506274997811
1506444981845
1506804586629
1506891090392
1506928601999
1506928970512
1506929114201
1506929291733
1506954399546
1506954440015
1507179663629
1507221130870
1507541979621
1507671170271
1507697885341
1507698474059
1507760628556
1507760789917
1507761064532
1507865311598
1508015200210
1508026451197
1508079837182
1508095550139
1508136647918
1508136772869
1508138938183
1508237512554
1508238949510
1508257214370
1508257636601
1508272560923
1508418285418
1508421847634
1508587364764
1508588166393
1508600525444
1508840759786
1508845627674
1508985899598
1509216005228
1509217138695
1509314834553
1509402492673
1509564799797
1509644688115
1509737198294
1509825982380
1509827302062
1509827605785
1509827953695
1509914981828
1510077648425
1510078102473
1510281709979
1510338868673
1510340345634
1510430698219
1510488809848
1510497861838
1510519156323
1510835103639
1510915524450
1511169416621
1511380300673
1511498067562
1511663092490
1511808932967
1511835207433
1511994410381
1512233329412
1512267696656
1512330908145
1512334966834
1512433133946
1512940101626
1512941491861
1512942841226
1513031528681
1513113232041
1513140882560
1513142393524
1513174008209
1513182213760
1513190611340
1513273155080
1513474347992
1513477015134
1513534649695
1513534744400
1513536387578
1513539931634
1513546930500
1513549502989
1513559381117
1513560453967
1513560513381
1513710343109
1513793417252
1514058065774
1514305246168
1514312563919
1514363079447
1514366837995
1514367517032
1514395607666
1514468390091
1514490773381
1514505021530
1514507229955
1514528896546
1514537806144
1514810113364
1514836784355
1514894531699
1514898237446
1515073465152
1515073802587
1515075451683
1515104121850
1515105675201
1515111952813
1515158071037
1515204286928
1515207477577
1515207912017
1515210912847
1515250337168
1515264638690
1515346439010
1515370772656
1515441170912
1515552557260
1515753559680
1515894060900
1516019358750
1516021344310
1516038735323
1516042061974
1516154067101
1516260167940
1516515269531
1516579324690
1516654215287
1516735914342
1516802510870
1516829011450
1516877020496
1516889631942
1516962558727
1516990367270
1517070046652
1517235267668
1517238249554
1517259906330
1517260301833
1517374321029
1517375949391
1517430378475
1517929944102
1517971213268
1517978693435
1518273622339
1518274355649
1518308194948
1518541611700
1518549861212
1518580739659
1518609730326
1518610077818
1518642125103
1518643166590
1518643707079
1518653589059
1518687680101
1518690041976
1518716362288
1518757148421
1518757357236
1518761092587
1518891820150
1519059580090
1519061688515
1519063714048
1519100633005
1519129117327
1519152876710
1519154132952
1519160856991
1519237275262
1519302722060
1519348346817
1519349389058
1519399730373
1519401877244
1519568464107
1519742204534
1519742296167
1519892792177
1519893741987
1519990612108
1519991956665
1520023014207
1520079004378
1520118387913
1520142182750
1520151888329
1520289292613
1520352500518
1520681672956
1520681917490
1520767078093
1520874983381
1520880241236
1521223584064
1521223761859
1521223848978
1521229324439
1521244200392
1521282314398
1521282545304
1521285572880
1521544705214
1521544830231
1521661850814
1521673339730
1521725970571
1521878480947
1521973354657
1521980541221
1522242967093
1522247892823
1522525205522
1522525790104
1522528795825
1522815750099
1523126899455
1523184598694
1523240385236
1523240765603
1523256173760
1523281770008
1523284699851
1523292220464
1523372961362
1523378558130
1523385791820
1523485108780
1523648749643
1523842258476
1523984524885
1524513930074
1524517831930
1524656967413
1524703073663
1524897388771
1525547274956
1525597282164
1525544645412
1525879817888
1525965451249
1525970306467
1525971245200
1526016121950
1526449305931
1526653461888
1526986426751
1527774288344
1527988933113
1528132160600
1528172749114
1528207480190
1528393424110
1528393660277
1528608396668
1528612129604
1528616146920
1528621426470
1528655158402
1528702609285
1528742515291
1528759417852
1528894248470
1528919265225
1528925004432
1529123220629
1529217569932
1529863531530
1529966170173
1529966660307
1530166449120
1530167045088
1530247281215
1530288535440
1530310779258
1531345080830
1531353248373
1531461282553
1531547773054
1531572859288
1531892078832
1531918901105
1531931344721
1532080946914
1532101050964
1532109207624
1532200816300
1532241487097
1532242651105
1532242737950
1532253553083
1532344197567
1532596226370
1532801430334
1533026757969
1533064228561
1533066301631
1533569343684
1533758782150
1534093858967
1534236034098
1534251815963
1534262392919
1534315306139
1534317062812
1534339289047
1534631726469
1534666031600
1534673043843
1534675979299
1534708998321
1534746965417
1534784465745
1534804080694
1534826209498
1534829277403
1534830557472
1534831553755
1535023103162
1535169268493
1535229214387
1535306300709
1535393801149
1535394724336
1535526835953
1535825585460
1535934905136
1535937159567
1535937320000
1536309883775
1536871419610
1536912295836
1536972879182
1537274340931
1537581892135
1537642068283
1538002424886
1538014344656
1538063395909
1538080836058
1538481109595
1538915613668
1539207763776
1539293665030
1539390652097
1539699894480
1540064855702
1540150593649
1540446227163
1540482980887
1540577228273
1540620035680
1541025271366
1541446737348
1541447374247
1541451027184
1541532240180
1541613783208
1541625584402
1541626006168
1541764903353
1541935401084
1541936919103
1541977590081
1541995822405
1542075638893
1542362743667
1542388115226
1542557890912
1542620026046
1542778507446
1542914662357
1543092505124
1543117790567
1543117966810
1543256071847
1543297584928
1543494634174
1543911452223
1544141150886
1544717760060
1544971788739
1544972439316
1544976383703
1544999628584
1545001868601
1545002526286
1545034453343
1545084714057
1545135734088
1545137749741
1545220253619
1545234178218
1545240427266
1545244257016
1545366243529
1545403995171
1545651107590
1545665104392
1546363362073
1546727872286
1546745285624
1546901389224
1547058585565
1547058975447
1547707719683
1548105152503
1548191710911
1548344717725
1548606518765
1548892618444
1548963211696
1549148576092
1549418675707
1549542758096
1549602516324
1550040760061
1550046963489
1550124141754
1550263254114
1550309903022
1550411668869
1550411717947
1550504358802
1550504434623
1550525295409
1550831548033
1550832850517
1551385036584
1551433069341
1551452647936
1551454442969
1551460423655
1551485513411
1551497592958
1551517758654
1551691623964
1551727368268
1551799645540
1551862190222
1551949170837
1552211098776
1552512908042
1552683602153
1552839851720
1552992072853
1552992496945
1553061581887
1553070038571
1553109952116
1553111400883
1553467471663
1554183980870
1554281317395
1554343092320
1554346020226
1554769504195
1555088545581
1555456129168
1555698704192
1555718067346
1555790507748
1556041770537
1556056457904
1556287197779
1556345103639
1556560327224
1556642192309
1556802364796
1557129031044
1557204142503
1557255628844
1557266926866
1557358192298
1557358817600
1557542240066
1557674271292
1557740459483
1557927335664
1558015986304
1558036197497
1558073721194
1558203738180
1558228429616
1558228878400
1558280004448
1558307758303
1558466752582
1558552316190
1558637863097
1558680572793
1558853012124
1558945951454
1559067145885
1559319537112
1559681216508
1559789272778
1559858926797
1559947054593
1559964088634
1560056012086
1560106712031
1560197285449
1560283634484
1560509872849
1560848411842
1560857432835
1561307025318
1561680733626
1561686989108
1561886610320
1561988697560
1562666032710
1563181667169
1564075828352
1564799720342
1564879853623
1564883903139
1564886502713
1564893986441
1564948406836
1565126174865
1565127475180
1565193657781
1565907085262
1566022080615
1566132228587
1566262557804
1566287550676
1566386816034
1566577654789
1566608614394
1567396375349
1567400665370
1567952869361
1568066772473
1568279695677
1568548328973
1568548691905
1569848299968
1570487588198
1570494256630
1570644865439
1570850013060
1570928325856
1572145677949
1572296214062
1572706726210
1572793879077
1572884862794
1573417110483
1573793475982
1573826004286
1573827642942
1573828036384
1573828128469
1574148941413
1574382977701
1574388487854
1574392508423
1574392668024
1574492080073
1574702637257
1574706447462
1574959124446
1574959302750
1575455967647
1575536626591
1575592543056
1575659043647
1575672000201
1575728977491
1575738485136
1575755484335
1575876841655
1575923704669
1575964402601
1576497727330
1576499090766
1576499426689
1576499542492
1576584020899
1576709855914
1577483509348
1577748920839
1577780243409
1577916092446
1578041797942
1578317172600
1578952392698
1578959320979
1579069710912
1579084219417
1579369714081
1579372222207
1579455193944
1579587958727
1579723228889
1579731872239
1579836254693
1579970302962
1580140666850
1580150922159
1580513074710
1581172299896
1581269820489
1581631652413
1581813239074
1581813560930
1581871610489
1581984828742
1581991767861
1582587784537
1582661473505
1582661760246
1582662280233
1582662542283
1582813072798
1582935849199
1582991803837
1583025227312
1583037030879
1583055323051
1583148874507
1583224187229
1583224263684
1583238125473
1583238656030
1583326417500
1583331721293
1583348528122
1583350674353
1583403312852
1583968812939
1584014998242
1584273546126
1584378303398
1584379200586
1584701558605
1584990350449
1585018606532
1585021961979
1585503094901
1585515137090
1585603449370
1585631946527
1585633955077
1585678806533
1585683738336
1585762529429
1586203773686
1586384714673
1586628322441
1586689741514
1586762578261
1586800581367
1586994046519
1587018036112
1587026168091
1587029120583
1587103427022
1587230692991
1587523426267
1587528104105
1587550360285
1587590235628
1587657939798
1588063434375
1588071230873
1588083666057
1588116940759
1588265713223
1588265958902
1588269692874
1588275077425
1588277795169
1588453163184
1588466950952
1588467839569
1588681230770
1588683697243
1588707161664
1588725862212
1588765604300
1589035690123
1589037065909
1589110988799
1589114160008
1589133164458
1589213052203
1589627680249
1589650400080
1589976150530
1590176778615
1590187636069
1590314841486
1590335791779
1590491429742
1590579214310
1590589216403
1590692492994
1590724387700
1590725666116
1591005087381
1591128321192
1591192186982
1591211267792
1591282488849
1591294093632
1591523407954
1591533832198
1591548354634
1591549385868
1591634117892
1591705570386
1591723455301
1591793684052
1591809330252
1591882224555
1591887411942
1591890672065
1591968840649
1592403203805
1592409435533
1592409647378
1592409915576
1592410096907
1592410321460
1592417238851
1592610493875
1592616913692
1592646216736
1592806529739
1592831849105
1592765167062
1592914490293
1592917040365
1592942016181
1592983781398
1593021309645
1593077328945
1593169808842
1593262301872
1593272974613
1593347496620
1593447836691
1593457692932
1593535582200
1593537624384
1593609046848
1593610145607
1593610731351
1593613178991
1593627193530
1593655262365
1593656620797
1593673483462
1593678373436
1593695588626
1593722374470
1593741878673
1593757990232
1593786901275
1593835290217
1593852914815
1594052869045
1594087408821
1594205773226
1594221259141
1594582567706
1594602110654
1594864916579
1594875815296
1594962865505
1595201227224
1595396122524
1595597188422
1595627496217
1595888131443
1595996865249
1596040930020
1596145982615
1596280769024
1596282488120
1596285737994
1596575769498
1596605686382
1596714607607
1596757125105
1596786278499
1596817311133
1596917362485
1596919139248
1597051210373
1597051948433
1597059823032
1597060100633
1597236461787
1597253020333
1597496426480
1597497244341
1597661953472
1597784234634
1597804477405
1597853624539
1597854404277
1597880110451
1597885435601
1597928743167
1597956191409
1598019975690
1598035270766
1598048775386
1598249269824
1598301764200
1598335813490
1598385987236
1598428851120
1598429630479
1598752798462
1599151320145
1599452008106
1599570520326
1599425657851
1599781981185
1599799536126
1599799926186
1600079727528
1600142809620
1600240354689
1600453762350
1600472355680
1600683226503
1600714087914
1600885957052
1600907332440
1600940571147
1600940941516
1600972006293
1601285466028
1601287474228
1601289144472
1601354947812
1601356498516
1601410252450
1601551817963
1601556188483
1601558299945
1601560888527
1601670688729
1601709128349
1601720939071
1601736949998
1601902453765
1601903753599
1601904984872
1601905897739
1601908841272
1601931844999
1601952592207
1601988532080
1602013419256
1602126727156
1602153925456
1602157050208
1602269503110
1602331714193
1602424629612
1602479307282
1602560000058
1602804739689
1602804906119
1602984929212
1603092335759
1603094669082
1603097755739
1603118854530
1603239334923
1603391237997
1603422760976
1603475170626
1603663607726
1603664366358
1603667115775
1603714707751
1603730209634
1603769418035
1603804108246
1603805572528
1603891866887
1603946003820
1603961974926
1603964084833
1604428992917
1604516883559
1604646325081
1604873081661
1604948393574
1605212200434
1605394801285
1605501157159
1605536978861
1605731667813
1605849590768
1605877425615
1605895701944
1605916903160
1605994120148
1606038097627
1606065525756
1606468236609
1606509436010
1606873934447
1607867624109
1607871768596
1607874304767
1608070692007
1608393486079
1608698980281
1608808195029
1608809609260
1609133919706
1609175596350
1609203968790
1609336631407
1609395407083
1609622973838
1609696553793
1609857547479
1609861635297
1609874116057
1609954352070
1610152649984
1610547016665
1610556735858
1610622041020
1610624486975
1610692755973
1610694271492
1610860622199
1610924407159
1610925349144
1610934067596
1610998806044
1611070851235
1611084352029
1611185062459
1611185274418
1611185658445
1611211851709
1611236079597
1611238644126
1611239442078
1611240892278
1611241590942
1611250947593
1611257957368
1611282096079
1611315312833
1611317455172
1611323707229
1611335447498
1611335763766
1611337560032
1611353595338
1611372165529
1611374313580
1611402163617
1611404455048
1611407568205
1611414264935
1611426706875
1611433360579
1611438409053
1611506933865
1611509587189
1611513508739
1611513573222
1611519457126
1611529557901
1611600410701
1611603683382
1611664414090
1611666562064
1611666768540
1611668887960
1611674236253
1611678136490
1611686339916
1611687191845
1611689724416
1611706994259
1611711915066
1611749740795
1611759484578
1611826260694
1611830408239
1611835493719
1611837204688
1611859559046
1611882008413
1611939604867
1611944971606
1611950344582
1611958323010
1611970214330
1611975589420
1612003819313
1612006853736
1612043552534
1612047084941
1612059485886
1612060526975
1612061683474
1612062860159
1612064252582
1612065953949
1612066158841
1612066264862
1612114400202
1612116953955
1612147789228
1612152053480
1612207436456
1612207747814
1612207872258
1612237575060
1612432005326
1612523616560
1612524178909
1612583242794
1612752391511
1612778644209
1612818276151
1612897713428
1613067306248
1613106533484
1613340390861
1613461847584
1613462245296
1613536638166
1613706024638
1613778215992
1613879535535
1613901686152
1613912117239
1613947965280
1613955115473
1614015188798
1614111302503
1614280723942
1614292865463
1614430785655
1614449515023
1614551136613
1614666054390
1614676151563
1614777563955
1614955810200
1615121248645
1615121468194
1615122256431
1615122597857
1615123700654
1615204173399
1615212960136
1615294503091
1615313461494
1615329947174
1615344852955
1615352074232
1615433007259
1615495877255
1615569424575
1615986485188
1616005390688
1616084886034
1616167615284
1616456584995
1616499694460
1616510096093
1616510766240
1616513719695
1616527293106
1616530481945
1616548007979
1616616819474
1616710385606
1617061331013
1617062722630
1617073792766
1617076584175
1617112985800
1617130283307
1617142472623
1617185782475
1617186010121
1617574857171
1617637543972
1617639108259
1618396382845
1618615164727
1618679785241
1618973436099
1619435190956
1619614723642
1619615581697
1620048224609
1620066515148
1620355465067
1620551218400
1620793191061
1620991251979
1621059376086
1621116119744
1621158840556
1621179277239
1621453434557
1621863284152
1622196905473
1622198690085
1622429435601
1622435058515
1622435289248
1622491148086
1622630561240
1622694136979
1622710463989
1622785507195
1622985320475
1623008158769
1623066357871
1623073965745
1623091888936
1623173206739
1623191588724
1623211940377
1623280125030
1623363132917
1623610028466
1623615414930
1623653220133
1623891187827
1624020710186
1624496402423
1624503030997
1624756094213
1624765944013
1624814628305
1624814844318
1624815125172
1624815333562
1625415632788
1625815427393
1626096242719
1626097198331
1626103586932
1626342064240
1626445454430
1626463242370
1626905628970
1626964629305
1626965059144
1627289615773
1627292733714
1627293023524
1627293368245
1627294332908
1627294616205
1627543211360
1627575938510
1627578176906
1627607086706
1627635122570
1627912465961
1628177544366
1628274233279
1628655930918
1628761883546
1628769182788
1628894895201
1629079740608
1629443665100
1629444859301
1629795906019
1629798277003
1629884089945
1630299724315
1630302804998
1630426780735
1630501468548
1630504806446
1630516776631
1630758907986
1630824173391
1631184017635
1631470071619
1631797075204
1632173008581
1632281413218
1632479748893
1632628760552
1632649440315
1632911061270
1632948452740
1633373676309
1633417329619
1633500807307
1633509952525
1633561905391
1633567653756
1633855346220
1633865439347
1633868957025
1633955587652
1633970366429
1634149743197
1634480551235
1634509868122
1634698923074
1634949597340
1635233990969
1635240450485
1635275357687
1635321988992
1635331083674
1635335546764
1635684559066
1635690858268
1635692528408
1635692948085
1635844614895
1635845790835
1636031693043
1636082799514
1636083093059
1636083442825
1636168581589
1636184787745
1636316090340
1636398265406
1636684426290
1636688921983
1636688996628
1636812511690
1637005393805
1637011310304
1637012896800
1637068011589
1637095077456
1637148200627
1637255018726
1637630514967
1637782785881
1637787100761
1637788656912
1637874912592
1637933762893
1638025273473
1638299172205
1638515534574
1638515934857
1638543739274
1638887806153
1638912154366
1639123367720
1639402417999
1639556619181
1639594992378
1639893975569
1639928036102
1640007839332
1640071504680
1640075741493
1640078902429
1640334142897
1641047636084
1641049864595
1641297666414
1641297774619
1641406196943
1641525828844
1641526235384
1641705890539
1641706184707
1641768353135
1641824132552
1641826195432
1641927737833
1642091129925
1642239527977
1642278639612
1642334827808
1642453303391
1642457205464
1642843738534
1642878581961
1643615681363
1643616473146
1643626361378
1643626514616
1643734036238
1643746891986
1643851150199
1643899452522
1643910979094
1644071951878
1644271213172
1644558781559
1644714453332
1644965143867
1645039308224
1645104033009
1645110407863
1645111280358
1645213037333
1646141206294
1646774488050
1646883655694
1646940874766
1646973615240
1647121445643
1647186173205
1647228257398
1647462049941
1647462452139
1647819066739
1647978577052
1648151644484
1648172857163
1648204649943
1648348157581
1648358130037
1648400874930
1648555076916
1648759682666
1648981334502
1650338459876
1650339178182
1650339260146
1650339321599
1650339403662
1650721070901
1650998170900
1651024408084
1651132980124
1651171371387
1651261772117
1651630207002
1651652307949
1651655476650
1651658226686
1651822709666
1652057517226
1652158668109
1652207753953
1652231669635
1652977783936
1652981356478
1653008508907
1653424198142
1653468515341
1653878116084
1653948548382
1653948934083
1653949048359
1654026956191
1654028472072
1654253716566
1654391766372
1654979443899
1655101533604
1655102179677
1655102991994
1655237111590
1655403638973
1655444769735
1655654536960
1655795609714
1655796430960
1655950844866
1656116476220
1656117674957
1656118765374
1656248940629
1656249343908
1656251152762
1656251656263
1656298048517
1656299228169
1656299475725
1656403710186
1656475997358
1656652665976
1656948504293
1657012501266
1657286760278
1657483140838
1657483986421
1657490051979
1657541656929
1657705636220
1657809489189
1657810310285
1657874285584
1657903063953
1657938105851
1658088090867
1658165759924
1658215374860
1658230081026
1658254747429
1658282230472
1658479325347
1658629908248
1658718929555
1658768239866
1658912815911
1659564217273
1659898631922
1660080249699
1660427298702
1660662047708
1660662567606
1660928986765
1661115372313
1661177223775
1661371342909
1661414342971
1661431668427
1662004343007
1662005423283
1662138401672
1662305576176
1662346717446
1662491706597
1662788996198
1663245094930
1664141466279
1664263662738
1664521763259
1664533965785
1664547558963
1664552697296
1664871150349
1665415596472
1665473689560
1665662837207
1665663315841
1665666466008
1665693800906
1665695887621
1665759216206
1665842153127
1665916896173
1665957668476
1666036156270
1666106835367
1666122808927
1666123262054
1666269890278
1666271337242
1666388087002
1666488467020
1666490858027
1666493776977
1666495178460
1666768100847
1666838173772
1666912805097
1666969783812
1667160802003
1667244036489
1667496252221
1667557614930
1667590779897
1667642716660
1667643098125
1667858003219
1667910424622
1668260555007
1668261097360
1668261360167
1668266787429
1668392233285
1668430425027
1668875223914
1669082258703
1669107524104
1669329746544
1669390257787
1669672823703
1669731709452
1669780568101
1669927738226
1669931879191
1669931976679
1669933320571
1669970491973
1670021223400
1670262794569
1670357162462
1670357728181
1670360899253
1670496144056
1670683582809
1671232055469
1671413845562
1671546235360
1671549621299
1671930397867
1672664313639
1672780507271
1672902933961
1673016912204
1673244640991
1673663883715
1673764066551
1674290771990
1674318836888
1674357499918
1674589670961
1675111424575
1675112569631
1675131682033
1675144348245
1675144735970
1675284106829
1675435680954
1675558098204
1675558960344
1675939700944
1676258343959
1676304656193
1676547844787
1676641552043
1676941983151
1677011438362
1677012397785